0540
0210
0392
0179
1023
1235
0316
1115
0838
0165
1412
1101
0399
1184
0723
1033
0077
0590
0571
0538
0550
0542
0790
0755
0450
0207
1059
0718
1392
1149
0372
1291
0072
1237
1128
0959
1354
1307
0368
0297
0622
1224
1202
1153
0589
0357
0489
0572
0863
0430
1054
0855
1444
0897
0681
0899
0564
0679
0626
0123
0479
1020
0871
1029
0948
0083
0733
0662
1221
0105
0669
0163
1265
0230
0452
0406
1191
0073
0008
0266
1044
1398
0238
0813
0758
1056
0601
0860
0706
0945
0420
0160
0102
1446
0845
1197
0932
0360
0139
0173
0533
0856
1244
1324
1058
0279
1445
0303
0318
0494
0198
1180
1263
0306
1000
0828
0633
0617
0766
0585
0292
0786
0204
1229
0304
1391
0511
0365
1418
0465
1002
1267
0537
1339
1172
1350
1096
1173
1296
1030
0547
0474
0254
1389
0665
0043
0808
0335
0500
1366
0161
0069
1388
1257
1436
0313
0378
0449
0771
0215
1017
0222
0183
1005
0831
0040
1179
1327
0649
0344
0309
0604
0629
1079
0199
1420
0843
0607
0885
1234
1028
0583
0034
0663
0854
0548
0798
0413
0772
0100
1437
1064
0870
0157
1227
1161
0781
0396
0302
0099
0931
1326
0731
0384
1439
0403
0143
0764
1380
1343
0817
0041
0505
1351
0695
0941
1318
0539
0778
1031
1195
1074
0186
0605
1395
0421
1063
1431
0170
1132
0877
0118
1416
0562
1121
0692
0962
0495
0529
1013
0907
1325
0938
1376
0111
0612
0376
0940
0068
0750
1302
0402
1137
0056
0018
1338
1036
0576
1095
0101
0446
0126
0942
1340
0195
0063
1407
1316
0268
1363
0806
0080
0581
1075
0248
0181
1060
0913
0528
0036
1083
0688
1156
0325
0946
1205
0975
0350
0407
0015
1220
0690
0455
0788
1298
1077
0109
0642
0358
1105
1374
0711
1293
1125
1188
0232
0156
1139
0833
1187
0708
1424
0087
0888
0275
1065
0135
0471
0950
0060
0050
0216
1062
0051
0370
0644
1442
0715
0113
0618
0960
0211
0153
0128
0116
1118
0065
1314
0921
0978
1283
0565
1203
0621
0231
0057
0730
1136
0393
1175
0963
1163
0779
0570
1409
0727
1051
0499
0709
0019
0933
1373
0672
0875
0295
0217
0815
0142
0151
0371
1260
0680
0093
0028
1072
0740
1066
0973
0383
1090
0329
1236
0993
0713
0031
1349
0964
1369
0981
1429
0742
0487
1190
0524
0328
0916
0016
0324
0608
1299
0674
1165
0155
0794
1004
1362
0914
0660
1400
0477
0246
0046
0140
1238
0710
0569
1217
0294
0107
1394
0445
1071
0587
1266
0085
1365
0671
0001
0205
0017
0507
0196
0049
0551
1287
1258
0119
0593
0687
0147
0563
0387
0721
0188
0187
0544
1385
0422
1178
1401
0745
0930
1082
0566
1025
0257
1167
0638
1417
0315
0799
0441
0816
1130
0154
1151
0830
0269
0849
1131
1386
0908
0162
1352
0748
0738
1231
1382
0379
0858
1209
0685
1309
0480
1094
0367
1379
0700
0427
0756
0274
0239
1144
1255
0097
0519
1240
1045
1333
0751
0532
0426
1272
1085
0600
1323
0702
1135
0434
1011
1027
0795
1014
1119
0282
0414
1419
0032
1154
1378
0369
1249
0561
0516
1441
0121
0005
1138
0307
0834
0437
0732
0805
0074
0787
0408
0872
0020
1375
0166
0802
1067
0936
1335
0717
1114
0887
1068
0490
0381
0643
0223
1113
1048
0226
0158
1143
0925
1103
0273
0969
0129
0488
0568
0401
0961
0023
1169
0578
0026
1368
0744
0635
0301
0263
1078
0212
1134
0317
0904
0782
0991
0194
0305
0089
0169
1145
0923
1241
0983
0534
1308
0603
1273
0791
0150
0847
0707
0719
1397
1037
0286
1216
1449
0900
0182
1185
0234
1311
1016
0245
1021
0288
1010
0683
0929
1334
0146
1337
0630
0283
0192
1084
0556
0385
0432
0035
0867
0977
1357
0310
0478
0058
0240
0648
0259
1102
0577
0825
1381
1107
0842
1099
1104
0809
0037
0243
0889
1222
0749
1289
0235
1052
1040
0873
0287
1425
0424
0120
0639
0345
0004
0133
0594
0614
1288
1275
0290
1377
0348
0613
0024
0615
1150
0596
0774
0949
1174
0801
1355
0668
0503
0836
0783
0388
0974
0881
0546
0429
0522
1152
1089
0312
0389
0253
0506
0989
0224
1284
0022
0276
1204
0752
1310
0225
1447
0236
0902
1207
0850
1415
0464
1208
1126
0461
1313
0042
0586
0521
0458
0954
1305
0045
0666
0009
0209
0346
0947
1168
0879
1024
0530
0270
0661
0252
0390
0025
0460
0242
0130
1332
1396
0531
0314
0435
0200
0386
0444
0990
0341
0957
0896
0951
0584
0555
0869
0006
1358
0201
0861
1215
1252
0743
0667
0451
0375
0086
0081
0821
1423
0250
0237
0299
1247
0117
1159
0636
0502
1049
0483
1427
0247
0777
0995
0366
0567
0082
1009
0627
0485
0514
1122
0553
0966
0213
0927
0255
1426
0374
0492
0634
0832
1061
0517
1091
0134
0693
0944
0988
0984
1166
0359
0985
1399
0675
1112
0741
0354
0138
0405
0515
0184
0361
0987
1233
0853
1290
0848
0185
1047
0208
1320
1253
1411
0468
0014
1127
0953
0265
0574
1039
1124
1248
1390
0171
1404
1109
1372
0789
1034
0829
0423
0258
1108
0175
1022
0311
1371
1232
1356
0501
0761
1321
0467
0725
1093
0673
0326
0525
0011
